"Municipios","Rede_geral_Total","Rede_geral__Canalizada_em_pelo_menos_um_cômodo","Rede_geral__Canalizada_só_na_propriedade_ou_terreno","Poço_ou_nascente__Total","Poço_ou_nascente__Canalizada_em_pelo_menos_um_cômodo","Poço_ou_nascente__Canalizada_só_na_propriedade_ou_terreno","Poço_ou_nascente_Nãocanalizada",Outra
forma_(1)"
"Mato Grosso",77.1607452289746,66.4483668819567,10.7123783470179,20.9079836630563,14.474063372895,1.67711098901521,4.75680930114612,1.93127110796906
"Acorizal",93.9655172413793,53.1609195402299,40.8045977011494,2.01149425287356,1.14942528735632,0.431034482758621,0.431034482758621,4.02298850574713
"Água Boa",92.6130816791409,87.6342336479011,4.97884803123983,7.28929384965831,6.89879596485519,0.162707452001302,0.227790432801822,0.097624471200781
"Alta Floresta",36.088182001208,35.3231326756594,0.765049325548621,62.6132474330582,54.5701630763036,1.65089591302597,6.39218844372861,1.29857056573384
"Alto Araguaia",96.7679876875721,89.4959599846095,7.27202770296268,2.42400923432089,1.5390534821085,0.577145055790689,0.307810696421701,0.808003078106964
"Alto Boa Vista",32.1499013806706,12.6232741617357,19.5266272189349,62.1301775147929,27.4161735700197,2.9585798816568,31.7554240631164,5.71992110453649
"Alto Garças",90.741662518666,83.0761572921852,7.66550522648084,9.00945744151319,6.22200099552016,2.1901443504231,0.597312095569935,0.248880039820806
"Alto Paraguai",88.2147024504084,39.4399066511085,48.7747957992999,4.78413068844807,0.408401400233372,1.86697782963827,2.50875145857643,7.00116686114352
"Alto Taquari",95.0537634408602,88.8172043010753,6.23655913978495,4.51612903225806,3.44086021505376,1.0752688172043,0,0.43010752688172
"Apiacás",0.361663652802893,0.361663652802893,0,87.1609403254973,60.7594936708861,1.80831826401447,24.5931283905967,12.4773960216998
"Araguaiana",70.08,65.28,4.8,27.84,16.8,2.4,8.64,2.08
"Araguainha",98.1191222570533,66.1442006269592,31.974921630094,0.626959247648903,0,0,0.626959247648903,1.25391849529781
"Araputanga",87.7715487035739,74.5970567624387,13.1744919411352,10.4765241765943,8.12894183601962,1.61177295024527,0.735809390329362,1.75192711983181
"Arenápolis",72.3512336719884,59.6516690856314,12.699564586357,23.5486211901306,11.3933236574746,5.6966618287373,6.45863570391872,4.10014513788099
"Aripuanã",67.6646706586826,51.8163672654691,15.8483033932136,22.5548902195609,13.8522954091816,2.23552894211577,6.46706586826347,9.78043912175649
"Barão de Melgaço",85.4166666666667,71.1805555555556,14.2361111111111,10.7638888888889,0.231481481481481,1.15740740740741,9.375,3.81944444444444
"Barra do Bugres",63.6946173562797,45.8440131819846,17.8506041742951,34.2731600146466,22.9036982790187,4.79677773709264,6.57268399853533,2.0322226290736
"Barra do Garças",92.747641509434,84.0138561320755,8.73378537735849,5.99204009433962,3.36821933962264,0.99498820754717,1.62883254716981,1.26031839622642
"Bom Jesus do Araguaia",0,0,0,0,0,0,0,0
"Brasnorte",69.8198198198198,53.9253539253539,15.8944658944659,25.4182754182754,17.8249678249678,2.25225225225225,5.34105534105534,4.76190476190476
"Cáceres",73.8239288801087,60.7297197184838,13.0942091616249,24.7808371403877,10.7173725151253,2.5435238918385,11.5199407334239,1.39523397950364
"Campinápolis",69.2923898531375,56.675567423231,12.6168224299065,29.5060080106809,15.954606141522,3.93858477970628,9.6128170894526,1.20160213618158
"Campo Novo do Parecis",96.6257668711656,93.558282208589,3.06748466257669,3.34867075664622,1.84049079754601,0.0766871165644172,1.43149284253579,0.0255623721881391
"Campo Verde",94.1125290023202,89.5011600928074,4.61136890951276,5.68445475638051,4.98839907192575,0.464037122969838,0.232018561484919,0.203016241299304
"Campos de Júlio",98.7975951903808,92.9859719438878,5.81162324649299,1.20240480961924,0.801603206412826,0,0.400801603206413,0
"Canabrava do Norte",0.222222222222222,0,0.222222222222222,94.8888888888889,25.3333333333333,9.55555555555556,60,4.88888888888889
"Canarana",31.1903246339911,30.1082113303628,1.08211330362826,64.8949713558243,53.0235518777848,6.3653723742839,5.50604710375557,3.9147040101846
"Carlinda",60,49.390243902439,10.609756097561,39.6341463414634,19.2682926829268,1.70731707317073,18.6585365853659,0.365853658536585
"Castanheira",86.1344537815126,0.525210084033613,85.609243697479,13.4453781512605,1.15546218487395,5.14705882352941,7.14285714285714,0.420168067226891
"Chapada dos Guimarães",89.5148026315789,77.9194078947368,11.5953947368421,9.04605263157895,8.42927631578947,0.123355263157895,0.493421052631579,1.43914473684211
"Cláudia",91.7606669936243,90.7307503678274,1.02991662579696,7.25846002942619,6.52280529671408,0.392349190779794,0.34330554193232,0.980872976949485
"Cocalinho",49.032992036405,44.9374288964733,4.09556313993174,50.2844141069397,32.0819112627986,8.41865756541524,9.78384527872583,0.68259385665529
"Colíder",73.3444940476191,68.6011904761905,4.74330357142857,26.4880952380952,21.8936011904762,1.19047619047619,3.40401785714286,0.167410714285714
"Colniza",6.27659574468085,3.51063829787234,2.76595744680851,93.5106382978723,20.8510638297872,4.78723404255319,67.8723404255319,0.212765957446809
"Comodoro",93.298969072165,82.5171821305842,10.7817869415808,3.52233676975945,2.2766323024055,0.257731958762887,0.987972508591065,3.1786941580756
"Confresa",0.125944584382872,0.0629722921914358,0.0629722921914358,98.2367758186398,41.0579345088161,7.68261964735516,49.4962216624685,1.63727959697733
"Conquista D'Oeste",0,0,0,0,0,0,0,0
"Cotriguaçu",5.03211991434689,4.71092077087794,0.321199143468951,64.3468950749465,44.0042826552463,13.7044967880086,6.63811563169165,30.6209850107066
"Cuiabá",92.5336265697711,81.3747051698859,11.1589213998853,4.84796328169822,3.08216994963983,0.494039650666157,1.27175368139224,2.61841014853063
"Curvelândia",9.66666666666667,7.33333333333333,2.33333333333333,89.6666666666667,60,1,28.6666666666667,0.666666666666667
"Denise",58.2998276852384,50.0861573808156,8.21367030442275,37.047673750718,24.4112578977599,6.4330844342332,6.20333141872487,4.65249856404365
"Diamantino",85.7695495993368,76.9825918762089,8.78695772312794,13.8159712627798,9.17380491848577,1.93423597678917,2.70793036750484,0.414479137883393
"Dom Aquino",97.2870320130222,82.2029300054259,15.0841020075963,2.33315246880087,0.434074877916441,0.10851871947911,1.79055887140532,0.379815518176886
"Feliz Natal",45.9567654123299,44.275420336269,1.68134507606085,29.8638911128903,28.6629303442754,0.56044835868695,0.640512409927942,24.1793434747798
"Figueirópolis D'Oeste",84.5833333333333,76.25,8.33333333333333,14.7916666666667,11.0416666666667,1.25,2.5,0.625
"Gaúcha do Norte",99.737532808399,93.9632545931758,5.7742782152231,0.26246719160105,0.26246719160105,0,0,0
"General Carneiro",87.8461538461539,72.1538461538462,15.6923076923077,10,6.15384615384615,1.69230769230769,2.15384615384615,2.15384615384615
"Glória D'Oeste",36.9028006589786,30.3130148270181,6.58978583196046,61.7792421746293,39.8682042833608,1.15321252059308,20.7578253706755,1.31795716639209
"Guarantã do Norte",19.7263630794364,18.6849091280376,1.04145395139882,79.2730243005922,4.55380845415561,0.428833979987748,74.2903818664489,1.00061261997141
"Guiratinga",97.8102189781022,87.4960330053951,10.3141859727071,1.90415741034592,1.49158997143764,0.158679784195493,0.25388765471279,0.285623611551888
"Indiavaí",86.7647058823529,60.8823529411765,25.8823529411765,10.5882352941176,6.17647058823529,0.588235294117647,3.82352941176471,2.64705882352941
"Itaúba",94.3139678615575,84.9196538936959,9.39431396786156,5.56242274412855,4.07911001236094,0.494437577255871,0.988875154511743,0.123609394313968
"Itiquira",97.0080552359033,88.722669735328,8.28538550057537,1.72612197928654,0.575373993095512,0.690448791714614,0.46029919447641,1.26582278481013
"Jaciara",96.5259219668626,90.2725815072154,6.25334045964725,2.54765722430073,1.60342063067878,0.409763050062355,0.534473543559594,0.926420808836629
"Jangada",96.7692307692308,68,28.7692307692308,2.30769230769231,0.461538461538462,0.461538461538462,1.38461538461538,0.923076923076923
"Jauru",59.7153465346535,54.4554455445545,5.25990099009901,37.5,22.3391089108911,2.78465346534653,12.3762376237624,2.78465346534653
"Juara",67.0639032815199,62.3661485319516,4.69775474956822,32.573402417962,23.0224525043178,2.88428324697755,6.66666666666667,0.362694300518135
"Juína",27.3059015980873,21.3036365924248,6.00226500566251,71.5238454762804,55.4297219076381,4.8320120800302,11.2621114886121,1.17025292563231
"Juruena",55.2575107296137,52.8969957081545,2.36051502145923,44.31330472103,40.1287553648069,1.07296137339056,3.11158798283262,0.429184549356223
"Juscimeira",96.2749445676275,71.3968957871397,24.8780487804878,2.92682926829268,0.886917960088692,0.0443458980044346,1.99556541019956,0.798226164079823
"Lambari D'Oeste",88.3369330453564,64.14686825054,24.1900647948164,11.4470842332613,6.26349892008639,2.59179265658747,2.59179265658747,0.215982721382289
"Lucas do Rio Verde",94.8076469199906,91.2674061836205,3.54024073637007,5.07434505546377,4.7439225867359,0.188812839273071,0.141609629454803,0.118008024545669
"Luciára",82.089552238806,49.8933901918977,32.1961620469083,15.7782515991471,2.98507462686567,2.3454157782516,10.4477611940298,2.13219616204691
"Marcelândia",66.8092386655261,58.8537211291702,7.95551753635586,33.1907613344739,26.3045337895637,5.56030795551754,1.32591958939264,0
"Matupá",48.4477481416703,43.2006996064714,5.24704853519895,50.7214691735899,38.0848272846524,4.41626585045912,8.22037603847835,0.830782684739834
"Mirassol d'Oeste",42.330243994704,36.9207490069983,5.40949498770569,56.6483828257991,43.8244751276716,1.68337431435597,11.1405333837715,1.02137317949688
"Nobres",89.4170714781402,69.4656488549618,19.9514226231783,4.54545454545455,1.45732130464955,0.624566273421235,2.46356696738376,6.03747397640527
"Nortelândia",89.3341190335887,70.5951679434296,18.7389510901591,7.42486741308191,3.41779611078374,1.76782557454331,2.23924572775486,3.2410135533294
"Nossa Senhora do Livramento",76.6980146290491,57.5757575757576,19.1222570532915,19.1222570532915,7.1055381400209,4.28422152560084,7.7324973876698,4.17972831765935
"Nova Bandeirantes",82.6271186440678,77.9661016949153,4.66101694915254,16.9491525423729,12.0762711864407,0.635593220338983,4.23728813559322,0.423728813559322
"Nova Brasilândia",89.9507389162562,55.5665024630542,34.384236453202,8.3743842364532,2.06896551724138,2.16748768472906,4.13793103448276,1.67487684729064
"Nova Canaã do Norte",59.2946362968406,46.2894930198384,13.0051432770022,39.8971344599559,26.7450404114622,1.68993387215283,11.4621601763409,0.808229243203527
"Nova Guarita",71.3414634146341,55.6910569105691,15.650406504065,28.4552845528455,24.390243902439,1.01626016260163,3.04878048780488,0.203252032520325
"Nova Lacerda",85.5769230769231,50.4807692307692,35.0961538461538,14.4230769230769,8.41346153846154,2.16346153846154,3.84615384615385,0
"Nova Marilândia",76.8856447688564,61.8004866180049,15.0851581508516,21.8978102189781,13.38199513382,2.67639902676399,5.83941605839416,1.21654501216545
"Nova Maringá",73.0650154798762,39.938080495356,33.1269349845201,23.8390092879257,16.71826625387,6.5015479876161,0.619195046439629,3.09597523219814
"Nova Monte Verde",0.353356890459364,0.353356890459364,0,98.2332155477032,69.0812720848057,3.886925795053,25.2650176678445,1.41342756183746
"Nova Mutum",97.6661392405063,96.4794303797468,1.18670886075949,2.33386075949367,2.01740506329114,0.276898734177215,0.0395569620253165,0
"Nova Nazaré",0,0,0,96.7479674796748,33.3333333333333,8.94308943089431,54.4715447154472,3.2520325203252
"Nova Olímpia",85.0530660377358,58.1662735849057,26.8867924528302,11.6745283018868,7.51768867924528,1.85731132075472,2.29952830188679,3.27240566037736
"Nova Santa Helena",80,60.253164556962,19.746835443038,19.493670886076,12.9113924050633,2.78481012658228,3.79746835443038,0.506329113924051
"Nova Ubiratã",98.3516483516484,82.967032967033,15.3846153846154,1.37362637362637,0.824175824175824,0.549450549450549,0,0.274725274725275
"Nova Xavantina",92.6571709233792,85.1669941060904,7.4901768172888,6.01669941060904,4.17485265225933,0.589390962671906,1.2524557956778,1.32612966601179
"Novo Horizonte do Norte",84.5959595959596,83.0808080808081,1.51515151515152,15.1515151515152,9.84848484848485,0.252525252525253,5.05050505050505,0.252525252525253
"Novo Mundo",41.5676959619952,25.1781472684086,16.3895486935867,55.8194774346793,33.2541567695962,3.80047505938242,18.7648456057007,2.61282660332542
"Novo Santo Antônio",0,0,0,0,0,0,0,0
"Novo São Joaquim",77.8368794326241,64.0070921985816,13.8297872340426,18.7943262411348,11.613475177305,2.21631205673759,4.9645390070922,3.36879432624113
"Paranaíta",45.6920903954802,42.4435028248588,3.24858757062147,54.1666666666667,43.7853107344633,3.10734463276836,7.27401129943503,0.141242937853107
"Paranatinga",76.8046903627702,60.7914987174789,16.0131916452913,18.4683034078417,12.1289849761818,2.74825943569073,3.59105899596922,4.72700622938805
"Pedra Preta",97.3488865323436,80.2050194414988,17.1438670908448,2.12089077412513,1.27253446447508,0.282785436550018,0.565570873100035,0.530222693531283
"Peixoto de Azevedo",61.4581241213095,42.6189997991565,18.839124322153,37.1359710785298,20.0040168708576,2.73147218316931,14.4004820245029,1.40590480016067
"Planalto da Serra",98.0582524271845,71.3592233009709,26.6990291262136,1.21359223300971,0.242718446601942,0.242718446601942,0.728155339805825,0.728155339805825
"Poconé",81.4085573646346,55.4524801211662,25.9560772434684,15.9787959106399,3.35100340780008,0.965543354789852,11.66224914805,2.61264672472548
"Pontal do Araguaia",95.2841596130592,83.4340991535671,11.8500604594921,4.11124546553809,3.99032648125756,0.120918984280532,0,0.60459492140266
"Ponte Branca",97.7818853974122,75.4158964879852,22.365988909427,0.924214417744917,0.184842883548983,0.55452865064695,0.184842883548983,1.29390018484288
"Pontes e Lacerda",46.4717348927875,37.1150097465887,9.35672514619883,52.3716699155296,39.5581546458739,6.7056530214425,6.10786224821313,1.15659519168291
"Porto Alegre do Norte",58.9113257243196,49.6927129060579,9.21861281826163,39.9473222124671,16.4179104477612,2.98507462686567,20.5443371378402,1.14135206321334
"Porto dos Gaúchos",73.1981981981982,69.3693693693694,3.82882882882883,26.2387387387387,24.3243243243243,0.675675675675676,1.23873873873874,0.563063063063063
"Porto Esperidião",76.5492102065614,49.2102065613609,27.3390036452005,19.6840826245443,13.9732685297691,0.850546780072904,4.86026731470231,3.76670716889429
"Porto Estrela",80.9106830122592,39.5796847635727,41.3309982486865,18.2136602451839,8.93169877408056,1.40105078809107,7.88091068301226,0.875656742556918
"Poxoréo",97.1842105263158,66.9473684210526,30.2368421052632,1.89473684210526,0.789473684210526,0.921052631578947,0.184210526315789,0.921052631578947
"Primavera do Leste",49.0994764397906,46.8062827225131,2.29319371727749,50.6701570680628,48.1884816753927,2.2303664921466,0.25130890052356,0.230366492146597
"Querência",7.90243902439024,7.70731707317073,0.195121951219512,85.5609756097561,64.9756097560976,12.1951219512195,8.39024390243902,6.53658536585366
"Reserva do Cabaçal",94.0265486725664,56.858407079646,37.1681415929204,5.53097345132743,2.43362831858407,1.32743362831858,1.76991150442478,0.442477876106195
"Ribeirão Cascalheira",68.497576736672,49.1114701130856,19.3861066235864,24.4749596122779,13.9741518578352,2.74636510500808,7.75444264943457,7.02746365105008
"Ribeirãozinho",98.5781990521327,70.3791469194313,28.1990521327014,1.4218009478673,0,0.4739336492891,0.947867298578199,0
"Rio Branco",92.2155688622755,80.5389221556886,11.6766467065868,7.58483033932136,5.88822355289421,0.998003992015968,0.698602794411178,0.199600798403194
"Rondolândia",0,0,0,96.7741935483871,51.6129032258064,20.9677419354839,24.1935483870968,3.2258064516129
"Rondonópolis",96.3418430884184,85.9044209215442,10.4374221668742,2.70080946450809,2.08333333333333,0.210149439601494,0.407326691573267,0.957347447073475
"Rosário Oeste",93.1836091410559,71.946414499606,21.23719464145,4.84633569739953,1.26083530338849,0.551615445232467,3.03388494877857,1.97005516154452
"Salto do Céu",87.1532846715328,79.4160583941606,7.73722627737226,11.0948905109489,9.34306569343066,1.75182481751825,0,1.75182481751825
"Santa Carmem",98.3606557377049,97.9508196721311,0.409836065573771,1.22950819672131,0.819672131147541,0.204918032786885,0.204918032786885,0.409836065573771
"Santa Cruz do Xingu",88.3333333333333,58.3333333333333,30,11.6666666666667,4.16666666666667,0.833333333333333,6.66666666666667,0
"Santa Rita do Trivelato",87.5,86.0294117647059,1.47058823529412,12.5,8.08823529411765,0,4.41176470588235,0
"Santa Terezinha",49.063670411985,27.2159800249688,21.8476903870162,41.0736579275905,14.3570536828964,7.61548064918852,19.1011235955056,9.86267166042447
"Santo Afonso",38.8349514563107,32.2815533980583,6.55339805825243,58.495145631068,25.9708737864078,17.2330097087379,15.2912621359223,2.66990291262136
"Santo Antônio do Leste",0,0,0,0,0,0,0,0
"Santo Antônio do Leverger",87.9163439194423,60.2633617350891,27.6529821843532,11.5414407436096,1.47172734314485,5.18977536793184,4.87993803253292,0.542215336948102
"São Félix do Araguaia",56.5384615384615,49.5512820512821,6.98717948717949,41.7307692307692,21.474358974359,4.29487179487179,15.9615384615385,1.73076923076923
"São José do Povo",98.3758700696056,79.8143851508121,18.5614849187935,1.39211136890951,0.696055684454756,0.696055684454756,0,0.232018561484919
"São José do Rio Claro",92.3408845738943,84.2143113987774,8.12657317511687,7.04782452355268,6.43653362099964,0.143833153541891,0.467457749011147,0.611290902553039
"São José do Xingu",47.3239436619718,26.7605633802817,20.5633802816901,50.5633802816901,14.0845070422535,5.63380281690141,30.8450704225352,2.11267605633803
"São José dos Quatro Marcos",86.8066355624676,74.8833592534992,11.9232763089684,12.4675997926387,7.28356661482634,1.08864696734059,4.09538621047175,0.725764644893727
"São Pedro da Cipa",88.5856079404466,61.5384615384615,27.0471464019851,7.5682382133995,1.48883374689826,0.86848635235732,5.21091811414392,3.84615384615385
"Sapezal",96.2066710268149,87.6389797253107,8.56769130150425,3.72792674950948,3.20470896010464,0.26160889470242,0.26160889470242,0.065402223675605
"Serra Nova Dourada",0,0,0,0,0,0,0,0
"Sinop",22.3064644852354,21.9701288336564,0.336335651579067,77.5111161783149,71.7934101014708,3.54577585224034,2.17193022460381,0.182419336449664
"Sorriso",84.464609800363,80.3629764065336,4.1016333938294,15.2692075015124,14.2770719903206,0.822746521476104,0.169388989715668,0.266182698124622
"Tabaporã",5.17799352750809,4.85436893203883,0.323624595469256,93.5922330097087,67.9611650485437,2.20064724919094,23.4304207119741,1.22977346278317
"Tangará da Serra",77.8319472325781,71.2790364209923,6.55291081158589,21.960137654144,16.3679380556352,3.35531975910525,2.2368798394035,0.207915113277889
"Tapurah",98.5365853658537,96.0975609756098,2.4390243902439,1.26829268292683,0.975609756097561,0.195121951219512,0.0975609756097561,0.195121951219512
"Terra Nova do Norte",24.3648208469055,23.7133550488599,0.651465798045603,75.114006514658,64.6254071661238,6.12377850162866,4.36482084690554,0.521172638436482
"Tesouro",88.0658436213992,64.6090534979424,23.4567901234568,0.685871056241427,0.274348422496571,0,0.411522633744856,11.2482853223594
"Torixoréu",95.5839057899902,74.4847890088322,21.099116781158,3.63101079489696,2.64965652600589,0.588812561334642,0.392541707556428,0.785083415112856
"União do Sul",84.6607669616519,56.1946902654867,28.4660766961652,14.7492625368732,13.1268436578171,1.62241887905605,0,0.589970501474926
"Vale de São Domingos",50,19.5652173913043,30.4347826086957,47.1014492753623,33.3333333333333,10.1449275362319,3.6231884057971,2.89855072463768
"Várzea Grande",79.2806952662722,65.049926035503,14.2307692307692,17.8938609467456,10.3254437869822,1.47004437869822,6.09837278106509,2.82544378698225
"Vera",34.65,34.2,0.45,65.3,56.3,4.9,4.1,0.05
"Vila Bela da Santíssima Trindade",81.5409309791332,64.0449438202247,17.4959871589085,17.0144462279294,7.86516853932584,1.76565008025682,7.38362760834671,1.4446227929374
"Vila Rica",25.6555062525212,21.4199273900766,4.23557886244453,70.5929810407422,49.2133924969746,7.58370310609117,13.7958854376765,3.75151270673659
