"Municipios","Rede_geral_Total","Rede_geral__Canalizada_em_pelo_menos_um_cômodo","Rede_geral__Canalizada_só_na_propriedade_ou_terreno","Poço_ou_nascente__Total","Poço_ou_nascente__Canalizada_em_pelo_menos_um_cômodo","Poço_ou_nascente__Canalizada_só_na_propriedade_ou_terreno","Poço_ou_nascente_Nãocanalizada","Outra
forma_(1)"
"Acorizal",23.9680426098535,13.0492676431425,10.9187749667111,51.2649800266312,21.4380825565912,3.72836218375499,26.098535286285,24.7669773635153
"Água Boa",7.09812108559499,6.78496868475992,0.313152400835073,84.9686847599165,47.0772442588727,9.2901878914405,28.6012526096033,7.93319415448852
"Alta Floresta",0.4,0.32,0.08,97.64,53.56,3.36,40.72,1.96
"Alto Araguaia",3.1055900621118,2.79503105590062,0.31055900621118,93.944099378882,87.4223602484472,2.17391304347826,4.34782608695652,2.95031055900621
"Alto Boa Vista",6.35838150289017,0.578034682080925,5.78034682080925,74.8554913294798,19.6531791907514,11.271676300578,43.9306358381503,18.7861271676301
"Alto Garças",0,0,0,89.5238095238095,75.8730158730159,7.3015873015873,6.34920634920635,10.4761904761905
"Alto Paraguai",24.2990654205607,9.7196261682243,14.5794392523364,55.7009345794393,29.3457943925234,10.2803738317757,16.0747663551402,20
"Alto Taquari",2.20264317180617,2.20264317180617,0,96.4757709251101,92.9515418502203,0.440528634361234,3.08370044052863,1.3215859030837
"Apiacás",0.619195046439629,0.619195046439629,0,92.1052631578947,16.4086687306502,1.23839009287926,74.4582043343653,7.27554179566563
"Araguaiana",1.90217391304348,1.6304347826087,0.271739130434783,95.9239130434783,76.0869565217391,8.69565217391304,11.1413043478261,2.17391304347826
"Araguainha",1.5625,1.5625,0,98.4375,59.375,6.25,32.8125,0
"Araputanga",19.5588235294118,13.8235294117647,5.73529411764706,74.1176470588235,52.3529411764706,6.47058823529412,15.2941176470588,6.32352941176471
"Arenápolis",0.45045045045045,0,0.45045045045045,99.5495495495496,65.3153153153153,17.1171171171171,17.1171171171171,0
"Aripuanã",6.74846625766871,5.2760736196319,1.47239263803681,89.3251533742331,20.4907975460123,8.46625766871166,60.3680981595092,3.92638036809816
"Barão de Melgaço",7.50528541226216,4.43974630021142,3.06553911205074,45.1374207188161,10.8879492600423,4.12262156448203,30.1268498942918,47.3572938689218
"Barra do Bugres",17.2117039586919,8.17555938037866,9.03614457831325,71.9449225473322,50.5163511187608,6.11015490533563,15.3184165232358,10.8433734939759
"Barra do Garças",0.269179004037685,0.269179004037685,0,82.6379542395693,19.2462987886945,53.5666218034993,9.8250336473755,17.092866756393
"Bom Jesus do Araguaia",0.21953896816685,0.21953896816685,0,91.98682766191,26.4544456641054,9.33040614709111,56.2019758507135,7.79363336992316
"Brasnorte",5.95882990249187,3.03358613217768,2.92524377031419,73.0227518959913,45.6121343445287,3.35861321776815,24.0520043336945,21.0184182015168
"Cáceres",1.48331273176761,0.840543881334981,0.642768850432633,83.2632880098888,37.9975278121137,7.6885043263288,37.5772558714462,15.2533992583436
"Campinápolis",0.255102040816327,0.0850340136054422,0.170068027210884,85.1190476190476,19.2176870748299,40.4761904761905,25.4251700680272,14.6258503401361
"Campo Novo do Parecis",1.71232876712329,1.71232876712329,0,84.9315068493151,83.7328767123288,0.513698630136986,0.684931506849315,13.3561643835616
"Campo Verde",14.959202175884,14.41523118767,0.543970988213962,83.4088848594742,62.7379873073436,9.42883046237534,11.2420670897552,1.63191296464189
"Campos de Júlio",6.64451827242525,6.64451827242525,0,92.358803986711,88.0398671096346,0,4.31893687707641,0.996677740863787
"Canabrava do Norte",5.91216216216216,1.18243243243243,4.72972972972973,91.8918918918919,11.1486486486486,4.05405405405405,76.6891891891892,2.19594594594595
"Canarana",19.9449793672627,19.2572214580468,0.687757909215956,62.3108665749656,31.4993122420908,24.484181568088,6.3273727647868,17.7441540577717
"Carlinda",0.91264667535854,0.91264667535854,0,98.4354628422425,42.2425032594524,1.69491525423729,54.4980443285528,0.651890482398957
"Castanheira",3.69290573372206,0.194363459669582,3.49854227405248,90.9620991253644,17.0068027210884,12.6336248785228,61.3216715257532,5.34499514091351
"Chapada dos Guimarães",0.822784810126582,0.759493670886076,0.0632911392405063,92.0253164556962,43.9240506329114,15.379746835443,32.7215189873418,7.15189873417722
"Cláudia",1.37524557956778,1.37524557956778,0,96.6601178781925,79.5677799607073,7.66208251473477,9.43025540275049,1.96463654223969
"Cocalinho",0,0,0,85.9030837004405,64.3171806167401,0.66079295154185,20.9251101321586,14.0969162995595
"Colíder",5.54585152838428,4.41048034934498,1.1353711790393,93.7991266375546,44.6724890829694,3.31877729257642,45.8078602620087,0.655021834061135
"Colniza",0.264900662251656,0.198675496688742,0.0662251655629139,91.9205298013245,6.49006622516556,0.993377483443709,84.4370860927152,7.81456953642384
"Comodoro",0.670241286863271,0.335120643431635,0.335120643431635,96.313672922252,34.7855227882038,18.230563002681,43.2975871313673,3.01608579088472
"Confresa",1.60995243322356,1.53677277716795,0.0731796560556165,95.0969630442737,4.57372850347603,5.63483351628247,84.8884010245152,3.29308452250274
"Conquista D'Oeste",0.909090909090909,0.757575757575758,0.151515151515152,95.1515151515152,57.4242424242424,9.6969696969697,28.030303030303,3.93939393939394
"Cotriguaçu",0.622406639004149,0.622406639004149,0,87.655601659751,20.643153526971,8.92116182572614,58.0912863070539,11.7219917012448
"Cuiabá",7.02504581551619,3.29871716554673,3.72632864996946,72.5106902871106,35.4917532070861,12.4618204031765,24.5571166768479,20.4642638973732
"Curvelândia",5.48271752085816,1.78784266984505,3.69487485101311,92.9678188319428,48.2717520858165,9.77353992848629,34.92252681764,1.54946364719905
"Denise",0.429184549356223,0.429184549356223,0,99.5708154506438,64.3776824034335,6.00858369098712,29.1845493562232,0
"Diamantino",2.85969615728329,2.85969615728329,0,92.8507596067918,62.645218945487,8.93655049151028,21.2689901697945,4.28954423592493
"Dom Aquino",7.95918367346939,7.75510204081633,0.204081632653061,83.0612244897959,66.1224489795918,4.28571428571429,12.6530612244898,8.97959183673469
"Feliz Natal",4.04040404040404,3.78787878787879,0.252525252525253,70.2020202020202,32.3232323232323,26.5151515151515,11.3636363636364,25.7575757575758
"Figueirópolis D'Oeste",3.87596899224806,3.10077519379845,0.775193798449612,87.4418604651163,58.9147286821705,3.41085271317829,25.1162790697674,8.68217054263566
"Gaúcha do Norte",10.4961832061069,6.6793893129771,3.81679389312977,85.1145038167939,55.7251908396947,18.7022900763359,10.6870229007634,4.38931297709924
"General Carneiro",15.6010230179028,13.2992327365729,2.30179028132992,58.0562659846547,19.693094629156,35.2941176470588,3.0690537084399,26.3427109974425
"Glória D'Oeste",5.0561797752809,4.7752808988764,0.280898876404494,91.8539325842697,69.6629213483146,0,22.1910112359551,3.08988764044944
"Guarantã do Norte",0.714626012386851,0.571700809909481,0.14292520247737,98.8089566460219,3.38256312529776,0.809909480705098,94.6164840400191,0.476417341591234
"Guiratinga",3.73563218390805,2.29885057471264,1.4367816091954,83.0459770114943,57.4712643678161,13.5057471264368,12.0689655172414,13.2183908045977
"Indiavaí",0.956937799043062,0.478468899521531,0.478468899521531,99.0430622009569,62.6794258373206,4.30622009569378,32.0574162679426,0
"Itaúba",27.140549273021,19.5476575121163,7.59289176090468,71.8901453957997,49.7576736672052,11.1470113085622,10.9854604200323,0.969305331179321
"Itiquira",50.3676470588235,47.4264705882353,2.94117647058824,48.5906862745098,41.5441176470588,4.90196078431373,2.14460784313725,1.04166666666667
"Jaciara",15.1618398637138,15.1618398637138,0,80.9199318568995,74.4463373083475,3.57751277683135,2.89608177172061,3.91822827938671
"Jangada",23.8624873609707,7.88675429726997,15.9757330637007,55.5106167846309,8.79676440849343,10.1112234580384,36.6026289180991,20.6268958543984
"Jauru",1.59059474412171,1.38312586445367,0.20746887966805,93.8450899031812,43.0843706777317,30.2904564315353,20.4702627939142,4.5643153526971
"Juara",5.2924791086351,4.79108635097493,0.501392757660167,93.091922005571,43.5654596100279,8.41225626740947,41.1142061281337,1.61559888579387
"Juína",0.462160600808781,0.346620450606586,0.115540150202195,97.4581166955517,54.3038705950318,5.14153668399769,38.0127094165222,2.07972270363951
"Juruena",0.45766590389016,0.45766590389016,0,99.5423340961098,45.0800915331808,5.720823798627,48.7414187643021,0
"Juscimeira",11.8001722652885,11.2833763996555,0.516795865633075,81.1369509043928,42.2049956933678,12.4031007751938,26.5288544358312,7.06287683031869
"Lambari D'Oeste",12.1212121212121,5.23415977961433,6.8870523415978,85.6749311294766,45.4545454545455,8.95316804407713,31.267217630854,2.20385674931129
"Lucas do Rio Verde",1.72413793103448,1.72413793103448,0,98.0603448275862,88.1465517241379,8.18965517241379,1.72413793103448,0.21551724137931
"Luciára",12.5984251968504,1.5748031496063,11.0236220472441,86.6141732283465,0,22.0472440944882,64.5669291338583,0.78740157480315
"Marcelândia",17.84140969163,13.7298091042584,4.11160058737151,79.662261380323,46.6226138032305,13.582966226138,19.4566813509545,2.49632892804699
"Matupá",17.97583081571,14.1993957703927,3.77643504531722,81.1178247734139,20.9969788519637,0.453172205438067,59.6676737160121,0.906344410876133
"Mirassol d'Oeste",1.92307692307692,1.35746606334842,0.565610859728507,97.1719457013575,54.8642533936652,23.4162895927602,18.8914027149321,0.904977375565611
"Nobres",7.54966887417219,6.22516556291391,1.32450331125828,60.794701986755,26.2251655629139,5.43046357615894,29.1390728476821,31.6556291390729
"Nortelândia",0,0,0,100,60.752688172043,9.67741935483871,29.5698924731183,0
"Nossa Senhora do Livramento",2.07948243992606,1.80221811460259,0.277264325323475,89.463955637708,20.1940850277264,7.85582255083179,61.4140480591497,8.45656192236599
"Nova Bandeirantes",2.49621785173979,2.42057488653555,0.075642965204236,86.3842662632375,15.9606656580938,2.11800302571861,68.3055975794251,11.1195158850227
"Nova Brasilândia",0.45766590389016,0.45766590389016,0,94.0503432494279,34.324942791762,12.3569794050343,47.3684210526316,5.49199084668192
"Nova Canaã do Norte",3.02076777847703,2.45437382001259,0.566393958464443,95.5947136563877,31.7809943360604,8.24417872876023,55.569540591567,1.38451856513531
"Nova Guarita",14.5598194130926,10.0451467268623,4.51467268623025,85.2144469525959,45.5981941309255,6.09480812641084,33.5214446952596,0.225733634311512
"Nova Lacerda",4.13793103448276,3.67816091954023,0.459770114942529,83.2183908045977,38.1609195402299,8.27586206896552,36.7816091954023,12.6436781609195
"Nova Marilândia",1.50753768844221,1.50753768844221,0,98.4924623115578,81.9095477386935,3.01507537688442,13.5678391959799,0
"Nova Maringá",11.2600536193029,4.55764075067024,6.70241286863271,73.7265415549598,32.7077747989276,29.7587131367292,11.2600536193029,15.0134048257373
"Nova Monte Verde",0.0831946755407654,0.0831946755407654,0,99.2512479201331,35.3577371048253,1.33111480865225,62.5623960066556,0.665557404326123
"Nova Mutum",14.6417445482866,14.2263759086189,0.415368639667705,76.4278296988577,72.1703011422638,1.24610591900312,3.01142263759086,8.93042575285566
"Nova Nazaré",0,0,0,99.1111111111111,44.4444444444444,4,50.6666666666667,0.888888888888889
"Nova Olímpia",5.19480519480519,4.87012987012987,0.324675324675325,85.7142857142857,36.6883116883117,6.16883116883117,42.8571428571429,9.09090909090909
"Nova Santa Helena",25,24.780701754386,0.219298245614035,73.6842105263158,49.1228070175439,12.5,12.0614035087719,1.31578947368421
"Nova Ubiratã",35.6394129979036,31.2368972746331,4.40251572327044,55.3459119496855,41.5094339622642,8.59538784067086,5.24109014675052,9.0146750524109
"Nova Xavantina",1.51821862348178,0.708502024291498,0.809716599190283,86.6396761133603,42.0040485829959,15.8906882591093,28.7449392712551,11.8421052631579
"Novo Horizonte do Norte",10,8.88888888888889,1.11111111111111,89.3333333333333,36.4444444444444,4,48.8888888888889,0.666666666666667
"Novo Mundo",0.126742712294043,0.126742712294043,0,96.1977186311787,24.5880861850444,3.67553865652725,67.9340937896071,3.67553865652725
"Novo Santo Antônio",0,0,0,65.0326797385621,8.82352941176471,0.65359477124183,55.5555555555556,34.9673202614379
"Novo São Joaquim",15.5709342560554,9.45790080738178,6.11303344867359,71.6262975778547,35.1787773933103,17.1856978085352,19.2618223760092,12.80276816609
"Paranaíta",0,0,0,96.4192139737991,25.5021834061135,1.92139737991266,68.9956331877729,3.58078602620087
"Paranatinga",3.58923230309073,2.99102691924227,0.598205383848455,80.9571286141575,43.0707876370887,14.9551345962114,22.9312063808574,15.4536390827517
"Pedra Preta",16.1629434954008,13.4034165571616,2.75952693823916,83.1800262812089,68.1997371879106,4.73061760840999,10.2496714848883,0.657030223390276
"Peixoto de Azevedo",0.0968054211035818,0.0968054211035818,0,95.7405614714424,13.8431752178122,2.61374636979671,79.2836398838335,4.16263310745402
"Planalto da Serra",9.1743119266055,5.81039755351682,3.36391437308868,80.7339449541284,39.1437308868502,10.0917431192661,31.4984709480122,10.0917431192661
"Poconé",11.9173474291206,5.43008169149447,6.48726573762614,70.6391158097069,20.374819798174,6.87169629985584,43.3925997116771,17.4435367611725
"Pontal do Araguaia",0,0,0,98.1308411214953,0.467289719626168,82.7102803738318,14.9532710280374,1.86915887850467
"Ponte Branca",1.8018018018018,1.8018018018018,0,96.3963963963964,54.954954954955,18.9189189189189,22.5225225225225,1.8018018018018
"Pontes e Lacerda",18.1857638888889,17.1440972222222,1.04166666666667,78.0381944444444,45.0086805555556,6.07638888888889,26.953125,3.77604166666667
"Porto Alegre do Norte",4.01203610832497,2.80842527582748,1.20361083249749,94.6840521564694,5.41624874623872,3.51053159478435,85.7572718154463,1.30391173520562
"Porto dos Gaúchos",26.2981574539363,23.9530988274707,2.34505862646566,73.0318257956449,38.6934673366834,6.7001675041876,27.6381909547739,0.670016750418761
"Porto Esperidião",13.7121680049413,9.63557751698579,4.07659048795553,76.5287214329833,32.0568252007412,10.994441012971,33.4774552192712,9.75911056207535
"Porto Estrela",3.2258064516129,0.537634408602151,2.68817204301075,87.2759856630824,25.2688172043011,18.6379928315412,43.3691756272401,9.49820788530466
"Poxoréo",12.3387549074593,6.50588895120583,5.8328659562535,80.5945036455412,41.054402692092,15.8721256309591,23.6679753224902,7.06674144699944
"Primavera do Leste",0.1194743130227,0.1194743130227,0,98.9247311827957,95.8183990442055,1.7921146953405,1.3142174432497,0.955794504181601
"Querência",5.4320987654321,5.4320987654321,0,85.5555555555556,41.358024691358,2.22222222222222,41.9753086419753,9.01234567901234
"Reserva do Cabaçal",1.87793427230047,0.938967136150235,0.938967136150235,90.6103286384976,40.8450704225352,39.906103286385,9.85915492957746,7.51173708920188
"Ribeirão Cascalheira",0.273972602739726,0.273972602739726,0,95.0684931506849,34.7945205479452,18.7671232876712,41.5068493150685,4.65753424657534
"Ribeirãozinho",22.5274725274725,9.89010989010989,12.6373626373626,76.9230769230769,23.6263736263736,35.7142857142857,17.5824175824176,0.549450549450549
"Rio Branco",37.7828054298643,16.7420814479638,21.0407239819005,57.4660633484163,31.9004524886878,17.420814479638,8.1447963800905,4.75113122171946
"Rondolândia",0.153609831029186,0.153609831029186,0,94.9308755760369,41.1674347158218,23.8095238095238,29.9539170506912,4.91551459293395
"Rondonópolis",6.3716814159292,5,1.3716814159292,90.1769911504425,65.5752212389381,14.6902654867257,9.91150442477876,3.45132743362832
"Rosário Oeste",6.65618448637317,4.45492662473795,2.20125786163522,72.3794549266247,21.1215932914046,8.80503144654088,42.4528301886792,20.9643605870021
"Salto do Céu",3.79965457685665,2.93609671848014,0.863557858376511,89.2918825561313,54.2314335060449,24.1796200345423,10.880829015544,6.90846286701209
"Santa Carmem",5.80912863070539,5.80912863070539,0,92.9460580912863,87.551867219917,2.0746887966805,3.3195020746888,1.2448132780083
"Santa Cruz do Xingu",0,0,0,98.7878787878788,38.7878787878788,3.63636363636364,56.3636363636364,1.21212121212121
"Santa Rita do Trivelato",0.746268656716418,0.746268656716418,0,99.2537313432836,94.7761194029851,1.49253731343284,2.98507462686567,0
"Santa Terezinha",19.7138314785374,8.74403815580286,10.9697933227345,77.9014308426073,6.35930047694753,3.65659777424483,67.8855325914149,2.38473767885533
"Santo Afonso",11.4634146341463,7.80487804878049,3.65853658536585,83.4146341463415,34.8780487804878,8.29268292682927,40.2439024390244,5.1219512195122
"Santo Antônio do Leste",0,0,0,98.1351981351981,92.5407925407925,1.63170163170163,3.96270396270396,1.86480186480186
"Santo Antônio do Leverger",8.88704318936877,5.48172757475083,3.40531561461794,74.5431893687708,30.0664451827243,18.0647840531561,26.4119601328904,16.5697674418605
"São Félix do Araguaia",15.445321307779,6.8771138669673,8.56820744081172,77.3393461104848,26.3810597519729,3.60766629086809,47.3506200676437,7.21533258173619
"São José do Povo",11.025641025641,10.2564102564103,0.769230769230769,70,34.6153846153846,13.8461538461538,21.5384615384615,18.974358974359
"São José do Rio Claro",0.917431192660551,0.688073394495413,0.229357798165138,56.8807339449541,47.2477064220183,3.44036697247706,6.19266055045872,42.2018348623853
"São José do Xingu",5.33596837944664,4.74308300395257,0.592885375494071,90.3162055335968,3.3596837944664,36.1660079051383,50.7905138339921,4.34782608695652
"São José dos Quatro Marcos",3.69104579630895,2.25563909774436,1.43540669856459,95.352016404648,63.7730690362269,3.8961038961039,27.6828434723172,0.956937799043062
"São Pedro da Cipa",5.84415584415584,3.24675324675325,2.5974025974026,92.2077922077922,64.9350649350649,7.14285714285714,20.1298701298701,1.94805194805195
"Sapezal",1.55709342560554,1.21107266435986,0.346020761245675,97.4048442906575,87.5432525951557,3.80622837370242,6.05536332179931,1.03806228373702
"Serra Nova Dourada",42.5287356321839,13.0268199233716,29.5019157088123,55.9386973180077,9.19540229885057,3.44827586206897,43.2950191570881,1.53256704980843
"Sinop",0.109170305676856,0.109170305676856,0,99.0720524017467,90.3930131004367,2.45633187772926,6.22270742358079,0.818777292576419
"Sorriso",5.91259640102828,5.05569837189374,0.856898029134533,91.688089117395,83.9760068551842,3.25621251071123,4.45586975149957,2.39931448157669
"Tabaporã",0.0874125874125874,0,0.0874125874125874,99.2132867132867,31.1188811188811,0.34965034965035,67.7447552447552,0.699300699300699
"Tangará da Serra",4.18636056718433,3.17353139770425,1.01282916948008,89.1964888588791,55.1654287643484,7.62997974341661,26.4010803511141,6.61715057393653
"Tapurah",37.0651486401012,25.1739405439595,11.8912080961417,59.392789373814,32.1948134092347,17.5205566097407,9.67741935483871,3.54206198608476
"Terra Nova do Norte",6.55136268343816,5.60796645702306,0.943396226415094,92.1907756813417,54.7169811320755,3.9832285115304,33.4905660377358,1.25786163522013
"Tesouro",2,2,0,60,50,9.5,0.5,38
"Torixoréu",13.7535816618911,11.4613180515759,2.29226361031519,85.3868194842407,55.5873925501433,14.6131805157593,15.1862464183381,0.859598853868195
"União do Sul",42.090395480226,40.6779661016949,1.41242937853107,54.5197740112994,43.7853107344633,7.34463276836158,3.38983050847458,3.38983050847458
"Vale de São Domingos",5.77777777777778,2.96296296296296,2.81481481481481,82.8148148148148,42.2222222222222,23.5555555555556,17.037037037037,11.4074074074074
"Várzea Grande",37.037037037037,19.6196196196196,17.4174174174174,54.5545545545546,19.4194194194194,16.6166166166166,18.5185185185185,8.40840840840841
"Vera",0,0,0,82,72.5,0,9.5,18
"Vila Bela da Santíssima Trindade",2.14917825537295,1.55920775389802,0.589970501474926,90.7290349768226,28.1921618204804,9.69237252423093,52.8445006321112,7.12178676780447
"Vila Rica",0.0761614623000762,0.0761614623000762,0,96.8012185833968,41.2795125666413,9.82482863670982,45.6968773800457,3.12261995430312
